%YAML:1.0
---
data:
   bob_robotics_git_commit: "45e575c2"
   bob_project_git_commit: "06c8362-dirty"
   image_size: [ 90, 25 ]
   training:
      routes:
         -
            - "0511/unwrapped_dataset1"
            - "0511/unwrapped_dataset2"
      time_per_image_ms: 6.4074684997429301e+01
   testing:
      routes:
         -
            - "0511/unwrapped_dataset3"
      time_per_image_ms: 8.8651383358208946e+00
      headings_deg:
         - [ 8., 8., 8., 8., 8., 4., 8., 4., 8., 8., 4., 4., 4., 8., 8.,
             4., 4., 0., 8., 8., 8., 8., 0., 8., 8., 0., 8., 12.,
             -4.0000000000000053e+00, -4.0000000000000053e+00, 0., 0.,
             0., 0., -4.0000000000000053e+00, 0., 0., 0., 8., 4., 8., 0.,
             -1.2000000000000018e+01, 0., 0., 8., 0.,
             -4.0000000000000053e+00, 12., 4., 0., 0., 8., 0., 8., 8.,
             8., 8., 12., 4., 4., 4., 4., 4., 4., 0., 4., 8., 0., 0., 0.,
             4., 12., 8., 8., 8., 12., 8., 8., 4., 8., 4., 8., 4., 8.,
             4., 4., 0., 0., 0., 0., 0., 0., 0., 8., 4., 8., 8., 8., 12.,
             8., 4., 4., 4., 4., 0., 4., 4., 0., 0., 0., 0., 0., 0., 0.,
             0., 0., 0., 0., 0., 0., 0., 0., 0., 0., 0., 0., 0., 0., 0.,
             0., 0., 0., 0., -4.0000000000000053e+00,
             -4.0000000000000053e+00, -8.0000000000000107e+00,
             -8.0000000000000107e+00, -8.0000000000000107e+00,
             -8.0000000000000107e+00, -1.2000000000000018e+01,
             -8.0000000000000107e+00, -4.0000000000000053e+00,
             -4.0000000000000053e+00, -8.0000000000000107e+00, 0., 0.,
             0., 0., 0., 0., 0., 0., -4.0000000000000053e+00,
             -4.0000000000000053e+00, 0., 0., -4.0000000000000053e+00,
             0., 0., 0., 0., 0., 0., 0., 0., 0., 0., 0., 0., 0., 0., 0.,
             0., 0., 4., 0., 0., 0., 0., 0., 0., 0., 0., 4., 16., 8., 8.,
             8., 8., 8., 8., 12., 12., 8., 8., 4., 4., 4., 8., 4., 4.,
             4., 8., 4., 8., 12., 12., 0., 0., 4., 0., 0., 0., 0., 0.,
             0., 0., 4., 0., 4., 0., 4., 0., 0., 0., 4., 0., 0., 0., 0.,
             0., 0., -4.0000000000000053e+00, -4.0000000000000053e+00,
             0., 0., 0., -4.0000000000000053e+00, 0., 0., 0.,
             -8.0000000000000107e+00, -1.2000000000000018e+01,
             -1.2000000000000018e+01, -1.2000000000000018e+01,
             -8.0000000000000107e+00, 0., -4.0000000000000053e+00, 0.,
             -1.2000000000000018e+01, -4.0000000000000053e+00,
             -8.0000000000000107e+00, 0., 0., -8.0000000000000107e+00,
             -4.0000000000000053e+00, 0., -8.0000000000000107e+00,
             -1.2000000000000018e+01, 0., -8.0000000000000107e+00, 0.,
             0., 0., -4.0000000000000053e+00, 0., 0., 0., 0., 0., 0., 0.,
             0., 0., 0., 0., 0., 0., 0., 0., 0., 0., 0., 0., 0., 0., 0.,
             0., 0., 0., 0., 0., 0., 0., 0., 0., 0., 0., 0., 0., 0., 0.,
             0., 0., 0., 0., -8.0000000000000107e+00, 0., 0.,
             -8.0000000000000107e+00, 0., 0., 0., 0., 0., 0., 0., 0., 0.,
             0., 0., 0., 0., 0., -4.0000000000000053e+00,
             -8.0000000000000107e+00, -8.0000000000000107e+00,
             -8.0000000000000107e+00, -8.0000000000000107e+00,
             -8.0000000000000107e+00, 0., 0., -4.0000000000000053e+00,
             0., 0., 0., 0., 0., 0., 0., 0., 0., 0., 0.,
             -8.0000000000000107e+00, 0., 0., 0., 0., 0., 0., 0., 0., 0.,
             0., 0., 0., 0., 0., 0., 0., 0., 0., 0., 0., 0., 0., 0., 0.,
             0., 0., 0., 0., 0., 0., 0., 0., 0., 0., 0., 0., 0., 0., 0.,
             0., 0., 0., 0., 0., 0., 0., 0., 0., 4., 0., 0., 0., 0.,
             -4.0000000000000053e+00, -4.0000000000000053e+00, 0. ]
