%YAML:1.0
---
data:
   bob_robotics_git_commit: "45e575c2"
   bob_project_git_commit: "06c8362-dirty"
   image_size: [ 90, 25 ]
   training:
      routes:
         -
            - "0511/unwrapped_dataset1"
            - "0511/unwrapped_dataset2"
      time_per_image_ms: 8.0656940874035995e-04
   testing:
      routes:
         -
            - "0511/unwrapped_dataset3"
      time_per_image_ms: 1.4389630636815921e+01
      headings_deg:
         - [ 0., 0., 0., 0., 0., 0., 0., 0., 0., 0., 0., 0., 0., 0., 0.,
             0., 0., 0., 0., 0., 0., 0., 0., 0., 0., 0., 0., 0.,
             -8.0000000000000107e+00, 4., 0., 4.,
             -1.5999999999999973e+01, -1.2000000000000018e+01,
             -1.2000000000000018e+01, -1.2000000000000018e+01, 0.,
             -8.0000000000000107e+00, 0., 0., 12., 4., 4., 4.,
             -1.2000000000000018e+01, -1.2000000000000018e+01,
             -8.0000000000000107e+00, -4.0000000000000053e+00,
             -4.0000000000000053e+00, 0., 0., 8., 8., 12., 12., 0., 12.,
             4., 0., 0., -4.0000000000000053e+00,
             -8.0000000000000107e+00, -8.0000000000000107e+00,
             -8.0000000000000107e+00, -8.0000000000000107e+00,
             -8.0000000000000107e+00, -4.0000000000000053e+00,
             -4.0000000000000053e+00, -1.2000000000000018e+01,
             -4.0000000000000053e+00, -4.0000000000000053e+00, 0., 0.,
             0., 8., 12., 8., 4., 0., 0., 4., 4., 4., 4., 0., 0., 0., 0.,
             0., 0., 0., -4.0000000000000053e+00,
             -4.0000000000000053e+00, -4.0000000000000053e+00, 0., 0.,
             0., 0., 0., 8., 0., 0., 0., 0., 0., 0., 0., 0., 4., 0., 0.,
             0., -4.0000000000000053e+00, 0., 0., 0., 0., 0., 0., 0., 0.,
             0., 0., 0., 0., 0., 0., 0., 8., 8., 8., 8., 8., 0., 0., 0.,
             0., 0., 0., 0., -8.0000000000000107e+00,
             -4.0000000000000053e+00, -8.0000000000000107e+00, 0., 0.,
             -8.0000000000000107e+00, 0., 0., 0., 0., 0., 0., 0., 0., 0.,
             4., 0., 8., 0., 0., 4., 0., 4., 4., 4., 0., 0., 0.,
             -4.0000000000000053e+00, 0., 4., 4., 0., 0., 0., 4., 4.,
             -4.0000000000000053e+00, -4.0000000000000053e+00, 0., 0.,
             0., 0., 0., 0., 0., 0., 0., 0., 0., 0., 0., 0., 0., 0.,
             -4.0000000000000053e+00, 0., 0., 0., 0., 0., 0., 0., 0., 8.,
             8., 4., 4., 4., 4., 4., 4., 4., 0., 0., 0., 0., 0., 0., 4.,
             4., 0., 0., 0., -4.0000000000000053e+00,
             -4.0000000000000053e+00, 8., 8., 0., 4., 4., 4., 0., 0., 0.,
             0., -4.0000000000000053e+00, -8.0000000000000107e+00, 0.,
             0., -4.0000000000000053e+00, -8.0000000000000107e+00,
             -8.0000000000000107e+00, -8.0000000000000107e+00, 0.,
             -8.0000000000000107e+00, -8.0000000000000107e+00, 0., 0.,
             -4.0000000000000053e+00, -4.0000000000000053e+00, 0., 0.,
             -1.2000000000000018e+01, -4.0000000000000053e+00,
             -1.2000000000000018e+01, -8.0000000000000107e+00, 0., 0.,
             -8.0000000000000107e+00, 0., 0., -4.0000000000000053e+00,
             -4.0000000000000053e+00, -4.0000000000000053e+00, 8., 4.,
             4., -4.0000000000000053e+00, -4.0000000000000053e+00, 8.,
             -4.0000000000000053e+00, 0., 4., 0., 0., 0., 0., 8., 8., 0.,
             12., 0., 0., 0., 8., 12., 0., 8., 0., 12., 8., 4., 4., 0.,
             4., 0., 0., 0., 0., 0., 0., 0., 0., 0., 0., 0., 0., 0., 0.,
             0., 0., 0., 0., 0., 0., 0., 0., 0., 0., 0.,
             -4.0000000000000053e+00, 0., 0., 0., 0., 0., 0., 0.,
             -8.0000000000000107e+00, 0., -8.0000000000000107e+00, 0.,
             0., 0., 0., 0., 0., 0., 0., -4.0000000000000053e+00,
             -4.0000000000000053e+00, 0., 0., 0.,
             -4.0000000000000053e+00, 0., 0., 0., 0., 0., 0., 0., 0., 0.,
             0., 0., 0., 0., 0., 0., 0., 0., 0., 0., 0., 0., 0., 0.,
             -8.0000000000000107e+00, -8.0000000000000107e+00,
             -8.0000000000000107e+00, 0., 0., 0., 0., 0.,
             -8.0000000000000107e+00, 0., -4.0000000000000053e+00, 0.,
             0., 0., 0., 0., 0., 0., 0., 0., 0., 0., 0., 0., 0., 0.,
             -4.0000000000000053e+00, 0., 0., 0., 0.,
             -3.1999999999999996e+01, -2.7999999999999986e+01 ]
